83,21b.gif,24b.gif,78,78,7,83,83
1,1a.gif,28a.gif,6,6,6,1,1
3,3a.gif,28a.gif,36,36,6,3,3
33,14a.gif,26d.gif,26,26,6,33,33
34,14a.gif,27a.gif,14,14,6,34,34
70,19a.gif,20d.gif,43,43,6,70,70
71,19a.gif,21c.gif,49,49,6,71,71
72,19c.gif,22b.gif,39,39,6,72,72
73,19c.gif,23f.gif,40,40,6,73,73
76,20a.gif,21c.gif,53,53,6,76,76
77,20a.gif,22a.gif,36,36,6,77,77
78,20b.gif,23f.gif,49,49,6,78,78
79,20a.gif,24b.gif,50,50,6,79,79
82,21a.gif,23f.gif,53,53,6,82,82
85,22a.gif,23f.gif,36,36,6,85,85
86,22b.gif,24b.gif,47,47,6,86,86
88,23a.gif,24a.gif,65,65,6,88,88
6,5b.gif,26a.gif,8,8,5,6,6
7,5a.gif,27a.gif,0,0,5,7,7
10,6b.gif,27a.gif,11,11,5,10,10
12,7a.gif,26a.gif,8,8,5,12,12
14,8a.gif,25c.gif,8,8,5,14,14
16,8a.gif,27a.gif,11,11,5,16,16
18,9b.gif,26a.gif,8,8,5,18,18
22,10a.gif,27a.gif,9,9,5,22,22
25,11a.gif,27a.gif,9,9,5,25,25
26,12a.gif,25c.gif,9,9,5,26,26
28,12b.gif,27a.gif,15,15,5,28,28
29,13b.gif,25c.gif,8,8,5,29,29
31,13b.gif,27a.gif,11,11,5,31,31
36,15d.gif,16c.gif,20,20,5,36,36
37,15b.gif,17e.gif,2,2,5,37,37
38,15c.gif,18d.gif,8,8,5,38,38
39,15a.gif,19a.gif,8,8,5,39,39
40,15b.gif,20c.gif,8,8,5,40,40
43,15b.gif,23c.gif,8,8,5,43,43
44,15b.gif,24b.gif,9,9,5,44,44
46,16a.gif,17d.gif,8,8,5,46,46
47,16a.gif,18d.gif,4,4,5,47,47
48,16a.gif,19a.gif,11,11,5,48,48
49,16a.gif,20d.gif,15,15,5,49,49
50,16a.gif,21b.gif,11,11,5,50,50
51,16a.gif,22b.gif,8,8,5,51,51
53,16a.gif,24a.gif,24,24,5,53,53
55,17b.gif,18d.gif,8,8,5,55,55
57,17a.gif,20e.gif,15,15,5,57,57
58,17a.gif,21a.gif,27,27,5,58,58
59,17a.gif,22b.gif,11,11,5,59,59
60,17a.gif,23e.gif,15,15,5,60,60
63,18a.gif,19a.gif,17,17,5,63,63
65,18a.gif,21b.gif,17,17,5,65,65
66,18a.gif,22c.gif,19,19,5,66,66
67,18a.gif,23f.gif,15,15,5,67,67
68,18a.gif,24b.gif,24,24,5,68,68
0,0a.gif,28a.gif,35,35,4,0,0
2,2a.gif,28a.gif,45,45,4,2,2
4,4a.gif,28a.gif,35,35,4,4,4
5,5c.gif,25a.gif,35,35,4,5,5
8,6c.gif,25b.gif,41,41,4,8,8
9,6a.gif,26b.gif,41,41,4,9,9
11,7b.gif,25c.gif,35,35,4,11,11
13,7a.gif,27b.gif,41,41,4,13,13
15,8b.gif,26a.gif,45,45,4,15,15
17,9b.gif,25a.gif,35,35,4,17,17
19,9a.gif,27b.gif,41,41,4,19,19
20,10b.gif,25b.gif,41,41,4,20,20
21,10a.gif,26c.gif,41,41,4,21,21
23,11c.gif,25a.gif,45,45,4,23,23
24,11b.gif,26c.gif,41,41,4,24,24
27,12b.gif,26b.gif,61,61,4,27,27
30,13a.gif,26c.gif,61,61,4,30,30
32,14b.gif,25c.gif,54,54,4,32,32
42,15d.gif,22d.gif,54,54,4,42,42
52,16b.gif,23d.gif,61,61,4,52,52
56,17c.gif,19d.gif,41,41,4,56,56
64,18c.gif,20f.gif,61,61,4,64,64
35,15d.gif,15c.gif,84,84,3,35,35
41,15c.gif,21a.gif,75,75,3,41,41
45,16b.gif,16d.gif,75,75,3,45,45
54,17d.gif,17b.gif,84,84,3,54,54
61,17b.gif,24a.gif,75,75,3,61,61
62,18b.gif,18e.gif,75,75,3,62,62
69,19c.gif,19b.gif,84,84,3,69,69
74,19b.gif,24b.gif,75,75,3,74,74
81,21a.gif,22c.gif,75,75,3,81,81
75,20b.gif,20g.gif,80,80,2,75,75
84,22c.gif,22d.gif,80,80,2,84,84
87,23b.gif,23c.gif,80,80,2,87,87
80,21a.gif,21c.gif,89,89,1,80,80
89,24a.gif,24a.gif,999,999,0,89,89